6.446838379
26.3710022
6.916046143
11.3530159
9.476900101
10.42509079
8.846998215
8.251905441
7.930994034
11.8060112
8.980989456
18.4700489
6.793022156
8.569002151
9.719133377
7.097005844
8.531093597
8.985042572
6.052017212
5.831956863
8.296012878
6.079912186
8.808851242
7.156848907
7.280111313
10.08105278
6.268978119
5.870103836
5.85603714
5.841016769
5.873203278
5.852937698
6.274938583
6.044864655
5.855083466
5.837917328
5.867958069
5.884170532
5.855083466
5.841016769
18.61310005
13.89408112
6.397008896
7.282018661
7.354974747
9.057998657
9.00888443
11.97886467
11.03305817
7.380008698
