19.68502998
26.33690834
19.42706108
21.34299278
18.21899414
16.96205139
41.92590714
20.622015
18.77808571
19.09589767
21.45600319
16.20697975
15.65289497
16.20602608
23.07391167
19.16384697
18.62120628
13.47994804
20.07699013
17.50898361
21.63004875
22.990942
19.76799965
15.63096046
19.44518089
19.46592331
19.83189583
13.99183273
13.41104507
18.83196831
18.31793785
14.66417313
14.64295387
24.21784401
18.18394661
18.39590073
19.30904388
18.44191551
17.66109467
16.27087593
16.48497581
18.21804047
14.2800808
19.89102364
41.67795181
19.00982857
19.07706261
16.22581482
18.71395111
13.83113861
