9.009838104
36.0789299
12.90798187
9.327888489
10.64109802
9.178161621
14.5509243
12.93206215
9.958028793
6.497859955
24.93882179
9.158849716
10.9539032
10.31303406
8.809804916
8.146047592
7.307052612
8.635044098
13.87310028
9.785890579
12.83288002
9.399175644
12.60709763
19.38700676
9.341955185
11.74807549
7.613182068
18.08714867
14.69802856
14.52517509
30.31802177
12.78305054
14.71209526
14.57118988
9.477138519
16.20101929
17.15111732
8.970022202
14.24407959
6.546974182
13.37003708
12.93706894
17.9040432
7.776975632
7.580041885
13.14115524
11.40284538
17.94481277
14.36805725
16.55697823
