10.49804688
15.45500755
7.742881775
7.13801384
7.102966309
6.977081299
6.026983261
6.644964218
7.060050964
7.381916046
7.265806198
6.202936172
6.594181061
6.344795227
6.367921829
6.510019302
11.40403748
8.016824722
11.90710068
11.32702827
6.211042404
9.592056274
6.614923477
10.21504402
8.253097534
7.550954819
7.184028625
7.097959518
6.187915802
6.36100769
6.804943085
10.68902016
7.750034332
6.247997284
6.767034531
9.147882462
6.847143173
6.232976913
7.148981094
23.88906479
6.844997406
6.162881851
11.2760067
10.02717018
6.139039993
9.842157364
6.819963455
6.627082825
7.228136063
6.701946259
